{
 "cells": [
  {
   "cell_type": "code",
   "execution_count": 4,
   "metadata": {
    "scrolled": true
   },
   "outputs": [
    {
     "name": "stdout",
     "output_type": "stream",
     "text": [
      "[[1 0 0 1 1 1]\n",
      " [1 0 0 1 0 0]\n",
      " [0 0 0 0 0 1]\n",
      " [0 1 1 0 1 0]\n",
      " [0 0 0 0 1 0]\n",
      " [1 1 0 0 1 0]\n",
      " [0 1 0 0 1 0]\n",
      " [1 1 1 1 1 0]\n",
      " [1 1 1 0 1 1]\n",
      " [0 1 1 0 0 1]\n",
      " [0 1 1 1 0 1]\n",
      " [0 1 0 1 1 1]\n",
      " [1 1 0 0 0 1]\n",
      " [1 1 0 1 1 1]\n",
      " [1 1 0 0 0 0]\n",
      " [1 0 1 1 0 0]\n",
      " [1 0 1 0 0 0]\n",
      " [1 0 1 1 1 0]\n",
      " [0 0 0 1 1 1]\n",
      " [1 1 0 1 1 0]\n",
      " [1 1 0 0 1 0]\n",
      " [0 0 0 1 1 1]\n",
      " [1 0 0 1 1 1]\n",
      " [1 1 0 0 0 0]\n",
      " [1 1 1 1 1 0]\n",
      " [1 1 0 1 1 1]\n",
      " [0 1 1 1 0 1]\n",
      " [0 0 1 1 1 1]\n",
      " [1 1 1 0 0 0]\n",
      " [0 0 0 1 0 0]\n",
      " [0 1 0 1 1 0]\n",
      " [1 0 0 1 1 1]\n",
      " [0 0 1 1 1 1]\n",
      " [0 1 0 0 1 0]\n",
      " [0 0 1 0 0 0]\n",
      " [0 1 0 0 1 0]\n",
      " [1 0 1 0 1 1]\n",
      " [1 0 1 0 1 1]\n",
      " [0 1 0 1 1 0]\n",
      " [0 0 0 0 0 0]\n",
      " [1 1 1 0 0 0]\n",
      " [0 1 0 0 1 1]\n",
      " [1 1 0 1 1 1]\n",
      " [1 1 1 0 1 0]\n",
      " [0 1 1 1 1 1]\n",
      " [0 0 1 1 0 0]\n",
      " [0 1 0 1 1 0]\n",
      " [1 0 1 1 1 1]\n",
      " [0 0 1 0 0 0]\n",
      " [1 0 1 0 0 0]]\n"
     ]
    }
   ],
   "source": [
    "import os\n",
    "import numpy as np\n",
    "target = []\n",
    "obs_seq = []\n",
    "hidden_var_name = ('sunny',  'foggy', 'rainy')\n",
    "observation_var_name = ('no', 'yes')\n",
    "hidden_var = {\n",
    "    hidden_var_name[0]: 0,\n",
    "    hidden_var_name[1]: 1,\n",
    "    hidden_var_name[2]: 2,\n",
    "    }\n",
    "\n",
    "observation_var = {\n",
    "    observation_var_name[0]: 0,\n",
    "    observation_var_name[1]: 1,\n",
    "    }\n",
    "with open('input.txt') as f:\n",
    "    for line in f:\n",
    "        hidden, observe = line.strip().split(',')\n",
    "        target.append(hidden_var[hidden])\n",
    "        obs_seq.append(observation_var[observe])\n",
    "#     print(target)\n",
    "X = np.array([obs_seq])\n",
    "x_ = [obs_seq[i:i+6] for i in range(0,len(obs_seq),6)]\n",
    "y = [target[i:i+6] for i in range(0, len(target),6)]\n",
    "x_ = np.array(x_)\n",
    "y = np.array(y)\n",
    "print(x_)"
   ]
  },
  {
   "cell_type": "code",
   "execution_count": 132,
   "metadata": {
    "scrolled": true
   },
   "outputs": [
    {
     "name": "stdout",
     "output_type": "stream",
     "text": [
      "[1 0 1 1 1 0]\n",
      "==============================\n",
      "Score=1.2849215435997747e-90\n",
      "================predict===============\n",
      "[2 1 2 1 1 1]\n",
      "[[2.89111588e-01 9.55293025e-13 7.10888412e-01]\n",
      " [2.39281324e-01 5.71035178e-01 1.89683497e-01]\n",
      " [4.57825957e-01 4.52400852e-02 4.96933957e-01]\n",
      " [2.03200814e-01 6.37294571e-01 1.59504615e-01]\n",
      " [1.76961978e-01 6.86961641e-01 1.36076381e-01]\n",
      " [1.89883195e-01 6.63800792e-01 1.46316013e-01]]\n",
      "acc = 33.33 \n",
      "Score=7.816886522284122e-91\n",
      "================predict===============\n",
      "[1 0 1 0 0 0]\n",
      "[[0.0075979  0.49953865 0.49286345]\n",
      " [0.41714469 0.29112915 0.29172616]\n",
      " [0.21394872 0.39343207 0.39261921]\n",
      " [0.42321195 0.28808589 0.28870217]\n",
      " [0.42622755 0.28657253 0.28719992]\n",
      " [0.42466405 0.28735627 0.28797968]]\n",
      "acc = 66.67 \n",
      "Score=8.894144949145426e-91\n",
      "================predict===============\n",
      "[1 2 1 2 2 2]\n",
      "[[3.89148103e-02 9.60752493e-01 3.32696226e-04]\n",
      " [3.41693628e-01 2.58087584e-01 4.00218788e-01]\n",
      " [3.26628017e-01 4.72053101e-01 2.01318882e-01]\n",
      " [3.38201031e-01 2.46621003e-01 4.15177966e-01]\n",
      " [3.37061117e-01 2.41915172e-01 4.21023711e-01]\n",
      " [3.38086134e-01 2.44195041e-01 4.17718825e-01]]\n",
      "acc = 16.67 \n",
      "Score=7.008629969348811e-91\n",
      "================predict===============\n",
      "[0 1 0 1 1 1]\n",
      "[[0.45771043 0.15205154 0.39023803]\n",
      " [0.31252865 0.36576788 0.32170347]\n",
      " [0.3768784  0.26543169 0.35768991]\n",
      " [0.31233481 0.36608627 0.32157892]\n",
      " [0.31224414 0.36623484 0.32152102]\n",
      " [0.31229134 0.3661571  0.32155157]]\n",
      "acc = 16.67 \n",
      "Score=1.4385417465724039e-90\n",
      "================predict===============\n",
      "[2 1 2 1 1 1]\n",
      "[[2.86793403e-03 3.65620846e-19 9.97132066e-01]\n",
      " [3.77543095e-01 4.65804956e-01 1.56651950e-01]\n",
      " [3.29378635e-01 1.05131662e-02 6.60108198e-01]\n",
      " [3.41611014e-01 5.33084721e-01 1.25304265e-01]\n",
      " [3.18714440e-01 5.76979377e-01 1.04306183e-01]\n",
      " [3.33168472e-01 5.53231313e-01 1.13600215e-01]]\n",
      "acc = 33.33 \n",
      "Score=1.4171205282525553e-90\n",
      "================predict===============\n",
      "[1 2 1 2 2 2]\n",
      "[[4.26808770e-06 9.99994961e-01 7.71184730e-07]\n",
      " [4.38560290e-01 1.07206633e-01 4.54233077e-01]\n",
      " [2.54664928e-01 5.15627604e-01 2.29707469e-01]\n",
      " [4.46366085e-01 7.52813493e-02 4.78352566e-01]\n",
      " [4.49265615e-01 6.27431523e-02 4.87991233e-01]\n",
      " [4.48326094e-01 6.92954474e-02 4.82378458e-01]]\n",
      "acc = 16.67 \n",
      "Score=1.4007360411828922e-90\n",
      "================predict===============\n",
      "[0 1 0 1 1 1]\n",
      "[[5.60554934e-01 7.87544841e-14 4.39445066e-01]\n",
      " [1.23097509e-01 7.29881130e-01 1.47021361e-01]\n",
      " [5.01420386e-01 9.69605045e-03 4.88883563e-01]\n",
      " [1.04054422e-01 7.71052253e-01 1.24893325e-01]\n",
      " [8.83568959e-02 8.04723625e-01 1.06919479e-01]\n",
      " [9.57619151e-02 7.88602573e-01 1.15635512e-01]]\n",
      "acc = 16.67 \n",
      "Score=6.961371537817328e-91\n",
      "================predict===============\n",
      "[0 1 0 1 1 1]\n",
      "[[0.43693119 0.18098108 0.38208773]\n",
      " [0.30764214 0.37352924 0.31882862]\n",
      " [0.36383327 0.28560409 0.35056264]\n",
      " [0.30751332 0.37374017 0.31874651]\n",
      " [0.30745469 0.37383596 0.31870935]\n",
      " [0.30748523 0.37378583 0.31872894]]\n",
      "acc = 16.67 \n",
      "Score=8.26436167226347e-91\n",
      "================predict===============\n",
      "[1 2 1 2 2 2]\n",
      "[[0.03344228 0.95783343 0.00872429]\n",
      " [0.35916531 0.24437887 0.39645582]\n",
      " [0.31568778 0.39393272 0.29037949]\n",
      " [0.35975224 0.24010817 0.40013959]\n",
      " [0.35992346 0.23912537 0.40095117]\n",
      " [0.35992203 0.23962361 0.40045436]]\n",
      "acc = 16.67 \n",
      "Score=1.230860689344873e-90\n",
      "================predict===============\n",
      "[2 0 2 0 0 0]\n",
      "[[1.13515747e-05 5.05957104e-04 9.99482691e-01]\n",
      " [5.10126344e-01 3.95940953e-01 9.39327026e-02]\n",
      " [2.80514506e-01 3.22199260e-01 3.97286234e-01]\n",
      " [5.41345989e-01 3.85801992e-01 7.28520190e-02]\n",
      " [5.51676005e-01 3.82580164e-01 6.57438312e-02]\n",
      " [5.45037528e-01 3.85579835e-01 6.93826373e-02]]\n",
      "acc = 66.67 \n",
      "Score=1.435647774877442e-90\n",
      "================predict===============\n",
      "[0 2 0 2 2 2]\n",
      "[[9.99994298e-01 5.14067854e-06 5.61302683e-07]\n",
      " [9.66196655e-02 4.40571109e-01 4.62809225e-01]\n",
      " [5.07187469e-01 2.62398540e-01 2.30413991e-01]\n",
      " [6.70455799e-02 4.44586638e-01 4.88367782e-01]\n",
      " [5.55568895e-02 4.45923999e-01 4.98519111e-01]\n",
      " [6.15715736e-02 4.45998746e-01 4.92429681e-01]]\n",
      "acc = 0.00 \n",
      "Score=1.3630068939291043e-90\n",
      "================predict===============\n",
      "[1 0 1 0 0 0]\n",
      "[[1.56671203e-14 9.89719033e-01 1.02809669e-02]\n",
      " [4.74928242e-01 1.86129797e-01 3.38941961e-01]\n",
      " [6.05998904e-02 5.55706637e-01 3.83693473e-01]\n",
      " [5.57764541e-01 1.49841093e-01 2.92394366e-01]\n",
      " [6.09482679e-01 1.25481877e-01 2.65035444e-01]\n",
      " [5.83051312e-01 1.35370179e-01 2.81578509e-01]]\n",
      "acc = 66.67 \n",
      "Score=1.2308039727699975e-90\n",
      "================predict===============\n",
      "[2 0 2 1 1 1]\n",
      "[[3.85463623e-02 7.40061784e-20 9.61453638e-01]\n",
      " [3.44305873e-01 3.73155478e-01 2.82538649e-01]\n",
      " [4.08608709e-01 8.57018638e-02 5.05689427e-01]\n",
      " [2.84088916e-01 4.79888855e-01 2.36022230e-01]\n",
      " [2.50171597e-01 5.48289827e-01 2.01538576e-01]\n",
      " [2.68449325e-01 5.18453564e-01 2.13097111e-01]]\n",
      "acc = 50.00 \n",
      "Score=7.392670594326559e-91\n",
      "================predict===============\n",
      "[0 2 0 2 2 2]\n",
      "[[0.52975875 0.42308217 0.04715909]\n",
      " [0.29168102 0.30422486 0.40409412]\n",
      " [0.37586435 0.36318205 0.2609536 ]\n",
      " [0.29059451 0.30335486 0.40605063]\n",
      " [0.29015769 0.30301057 0.40683174]\n",
      " [0.29038177 0.30319468 0.40642355]]\n",
      "acc = 0.00 \n",
      "Score=1.0789520209113274e-90\n",
      "================predict===============\n",
      "[2 1 2 1 1 1]\n",
      "[[5.38464493e-03 1.42877813e-05 9.94601067e-01]\n",
      " [3.39352819e-01 5.18913243e-01 1.41733938e-01]\n",
      " [3.34273428e-01 2.73252315e-01 3.92474256e-01]\n",
      " [3.25323321e-01 5.52461863e-01 1.22214816e-01]\n",
      " [3.20741104e-01 5.64385558e-01 1.14873339e-01]\n",
      " [3.24516738e-01 5.57109044e-01 1.18374219e-01]]\n",
      "acc = 33.33 \n",
      "Score=1.2940907007482628e-90\n",
      "================predict===============\n",
      "[2 1 2 0 0 0]\n",
      "[[2.13619559e-11 2.57636417e-06 9.99997424e-01]\n",
      " [3.61331169e-01 3.72790836e-01 2.65877995e-01]\n",
      " [1.19751331e-01 2.36847892e-01 6.43400777e-01]\n",
      " [4.25621134e-01 3.72397323e-01 2.01981543e-01]\n",
      " [4.57698302e-01 3.71181607e-01 1.71120091e-01]\n",
      " [4.40007361e-01 3.74103988e-01 1.85888651e-01]]\n",
      "acc = 50.00 \n",
      "Score=1.3400809383462948e-90\n",
      "================predict===============\n",
      "[0 1 0 2 2 2]\n",
      "[[9.99999753e-01 1.65835016e-07 8.12873313e-08]\n",
      " [1.62776288e-01 4.17119652e-01 4.20104061e-01]\n",
      " [5.26079854e-01 2.41058299e-01 2.32861847e-01]\n",
      " [1.14505454e-01 4.38226555e-01 4.47267991e-01]\n",
      " [9.60948618e-02 4.46216416e-01 4.57688723e-01]\n",
      " [1.05608023e-01 4.42306374e-01 4.52085602e-01]]\n",
      "acc = 0.00 \n",
      "Score=1.3100985397617492e-90\n",
      "================predict===============\n",
      "[2 0 2 1 1 1]\n",
      "[[5.38404210e-04 5.64283651e-14 9.99461596e-01]\n",
      " [3.68459185e-01 4.01727622e-01 2.29813193e-01]\n",
      " [3.34270172e-01 9.60562157e-02 5.69673612e-01]\n",
      " [3.29159756e-01 4.91276361e-01 1.79563882e-01]\n",
      " [3.08421779e-01 5.39868607e-01 1.51709614e-01]\n",
      " [3.22423682e-01 5.14150310e-01 1.63426007e-01]]\n",
      "acc = 50.00 \n",
      "Score=1.2586352977857914e-90\n",
      "================predict===============\n",
      "[1 2 1 2 2 2]\n",
      "[[7.09339767e-02 9.29066023e-01 7.31589210e-16]\n",
      " [3.06247730e-01 2.39002091e-01 4.54750179e-01]\n",
      " [4.10883310e-01 4.81240731e-01 1.07875959e-01]\n",
      " [2.51024596e-01 1.96976462e-01 5.51998942e-01]\n",
      " [2.19488220e-01 1.66866996e-01 6.13644784e-01]\n",
      " [2.36633940e-01 1.77923615e-01 5.85442445e-01]]\n",
      "acc = 16.67 \n",
      "Score=1.3912904503597424e-90\n",
      "================predict===============\n",
      "[1 2 1 0 0 0]\n",
      "[[5.41029483e-17 9.99646087e-01 3.53913169e-04]\n",
      " [3.93244261e-01 2.19517316e-01 3.87238423e-01]\n",
      " [9.99762010e-03 7.61733568e-01 2.28268812e-01]\n",
      " [4.49398620e-01 1.77770754e-01 3.72830625e-01]\n",
      " [4.87266458e-01 1.50226231e-01 3.62507311e-01]\n",
      " [4.67058753e-01 1.63072653e-01 3.69868593e-01]]\n",
      "acc = 50.00 \n",
      "Score=1.2910881030111263e-90\n",
      "================predict===============\n",
      "[1 0 1 2 2 2]\n",
      "[[8.47324168e-06 9.99991527e-01 5.26014856e-12]\n",
      " [3.76333863e-01 2.53658494e-01 3.70007642e-01]\n",
      " [2.65256504e-01 6.13328943e-01 1.21414553e-01]\n",
      " [3.65286616e-01 1.92265870e-01 4.42447514e-01]\n",
      " [3.59011467e-01 1.62933400e-01 4.78055133e-01]\n",
      " [3.65040813e-01 1.76688500e-01 4.58270687e-01]]\n",
      "acc = 33.33 \n",
      "Score=1.0556655437941222e-90\n",
      "================predict===============\n",
      "[1 2 1 2 2 2]\n",
      "[[1.79773469e-03 9.97951809e-01 2.50456653e-04]\n",
      " [3.94776467e-01 1.66846975e-01 4.38376558e-01]\n",
      " [2.91702647e-01 4.55422808e-01 2.52874545e-01]\n",
      " [3.97220525e-01 1.46828689e-01 4.55950786e-01]\n",
      " [3.98222401e-01 1.39782162e-01 4.61995437e-01]\n",
      " [3.98115985e-01 1.43416641e-01 4.58467374e-01]]\n",
      "acc = 16.67 \n",
      "Score=1.2347493627743472e-90\n",
      "================predict===============\n",
      "[1 0 1 0 0 0]\n",
      "[[1.31192986e-21 5.74879088e-01 4.25120912e-01]\n",
      " [5.22574984e-01 2.30541048e-01 2.46883968e-01]\n",
      " [4.02508072e-03 5.07029556e-01 4.88945363e-01]\n",
      " [5.88047017e-01 1.98569258e-01 2.13383726e-01]\n",
      " [6.41475445e-01 1.72200791e-01 1.86323764e-01]\n",
      " [6.17206224e-01 1.83947658e-01 1.98846119e-01]]\n",
      "acc = 66.67 \n",
      "Score=9.544053986038234e-91\n",
      "================predict===============\n",
      "[2 0 2 0 0 0]\n",
      "[[4.02316304e-05 1.92071235e-02 9.80752645e-01]\n",
      " [4.39550111e-01 3.40131995e-01 2.20317893e-01]\n",
      " [2.14497364e-01 3.33822718e-01 4.51679917e-01]\n",
      " [4.63899853e-01 3.32274502e-01 2.03825646e-01]\n",
      " [4.73623197e-01 3.29520156e-01 1.96856647e-01]\n",
      " [4.68047540e-01 3.31790773e-01 2.00161687e-01]]\n",
      "acc = 66.67 \n",
      "Score=7.911651233501833e-91\n",
      "================predict===============\n",
      "[2 1 2 1 1 1]\n",
      "[[0.07921944 0.01746299 0.90331757]\n",
      " [0.34763762 0.39231898 0.2600434 ]\n",
      " [0.32278534 0.28993241 0.38728225]\n",
      " [0.34769866 0.39498898 0.25731236]\n",
      " [0.34773859 0.3955754  0.25668601]\n",
      " [0.34777938 0.39522315 0.25699747]]\n",
      "acc = 33.33 \n",
      "Score=8.567912735653877e-91\n",
      "================predict===============\n",
      "[2 0 2 0 0 0]\n",
      "[[0.00881604 0.01219961 0.97898434]\n",
      " [0.38304577 0.37561151 0.24134272]\n",
      " [0.28665527 0.29395559 0.41938914]\n",
      " [0.38676658 0.37834947 0.23488394]\n",
      " [0.3876706  0.37903412 0.23329528]\n",
      " [0.38717398 0.378703   0.23412302]]\n",
      "acc = 66.67 \n",
      "Score=7.602686650862344e-91\n",
      "================predict===============\n",
      "[0 1 0 1 1 1]\n",
      "[[0.64905601 0.03109621 0.31984778]\n",
      " [0.25652749 0.44214207 0.30133044]\n",
      " [0.36063841 0.29482862 0.34453297]\n",
      " [0.25466577 0.44515631 0.30017792]\n",
      " [0.25401798 0.44618169 0.29980033]\n",
      " [0.25433853 0.4456375  0.30002398]]\n",
      "acc = 16.67 \n",
      "Score=8.231788223025257e-91\n",
      "================predict===============\n",
      "[0 1 0 1 1 1]\n",
      "[[0.57751575 0.00594785 0.4165364 ]\n",
      " [0.24286648 0.4929394  0.26419412]\n",
      " [0.38187152 0.24728458 0.3708439 ]\n",
      " [0.2378166  0.50263763 0.25954576]\n",
      " [0.23526943 0.50747828 0.25725229]\n",
      " [0.2365573  0.50497029 0.25847241]]\n",
      "acc = 16.67 \n",
      "Score=7.816217015033588e-91\n",
      "================predict===============\n",
      "[1 2 1 2 2 2]\n",
      "[[0.08078801 0.89322947 0.02598252]\n",
      " [0.35111288 0.26210898 0.38677814]\n",
      " [0.32114065 0.38165078 0.29720857]\n",
      " [0.35137288 0.2598614  0.38876572]\n",
      " [0.35144279 0.25938932 0.38916789]\n",
      " [0.35144636 0.2596274  0.38892625]]\n",
      "acc = 16.67 \n",
      "Score=1.2641892293856224e-90\n",
      "================predict===============\n",
      "[2 1 2 0 0 0]\n",
      "[[1.97865568e-19 1.12651392e-03 9.98873486e-01]\n",
      " [3.63218077e-01 3.65487767e-01 2.71294156e-01]\n",
      " [1.17024922e-01 3.66038744e-01 5.16936335e-01]\n",
      " [4.77935853e-01 3.02586414e-01 2.19477733e-01]\n",
      " [5.41310272e-01 2.72193928e-01 1.86495800e-01]\n",
      " [5.11226741e-01 2.91269328e-01 1.97503930e-01]]\n",
      "acc = 50.00 \n",
      "Score=8.756798732246368e-91\n",
      "================predict===============\n",
      "[1 2 1 2 2 2]\n",
      "[[0.0146245  0.98072611 0.0046494 ]\n",
      " [0.37256348 0.22271046 0.40472605]\n",
      " [0.30715569 0.40792034 0.28492397]\n",
      " [0.37419754 0.21537458 0.41042788]\n",
      " [0.37466718 0.21348521 0.4118476 ]\n",
      " [0.37453407 0.2144584  0.41100753]]\n",
      "acc = 16.67 \n",
      "Score=7.932488688981607e-91\n",
      "================predict===============\n",
      "[0 1 0 1 1 1]\n",
      "[[0.66923937 0.00521795 0.32554269]\n",
      " [0.28515375 0.40274254 0.31210371]\n",
      " [0.42633631 0.1970633  0.37660039]\n",
      " [0.28109758 0.40965627 0.30924615]\n",
      " [0.27904713 0.41307799 0.30787487]\n",
      " [0.28006786 0.41128916 0.30864299]]\n",
      "acc = 16.67 \n",
      "Score=1.2092359806666898e-90\n",
      "================predict===============\n",
      "[1 2 1 2 2 2]\n",
      "[[3.64221268e-01 6.35778732e-01 8.12219046e-12]\n",
      " [2.53897589e-01 2.32853770e-01 5.13248641e-01]\n",
      " [4.39803033e-01 4.57569317e-01 1.02627650e-01]\n",
      " [2.12954632e-01 1.94819391e-01 5.92225977e-01]\n",
      " [1.86051321e-01 1.68581316e-01 6.45367363e-01]\n",
      " [1.98896355e-01 1.80055103e-01 6.21048542e-01]]\n",
      "acc = 16.67 \n",
      "Score=7.736435515837054e-91\n",
      "================predict===============\n"
     ]
    },
    {
     "name": "stdout",
     "output_type": "stream",
     "text": [
      "[0 1 0 1 1 1]\n",
      "[[0.51665614 0.0106049  0.47273896]\n",
      " [0.29072461 0.41455653 0.29471887]\n",
      " [0.39096594 0.22327976 0.3857543 ]\n",
      " [0.28810572 0.41967449 0.2922198 ]\n",
      " [0.28685883 0.4221031  0.29103807]\n",
      " [0.28750147 0.42084177 0.29165676]]\n",
      "acc = 16.67 \n",
      "Score=1.4393781306079946e-90\n",
      "================predict===============\n",
      "[0 1 0 1 1 1]\n",
      "[[9.99981277e-01 3.77543275e-07 1.83453142e-05]\n",
      " [9.96455883e-02 4.69064577e-01 4.31289835e-01]\n",
      " [5.24048019e-01 2.08016787e-01 2.67935194e-01]\n",
      " [7.04749767e-02 5.01899619e-01 4.27625405e-01]\n",
      " [5.85519526e-02 5.15704606e-01 4.25743441e-01]\n",
      " [6.47289826e-02 5.07258523e-01 4.28012495e-01]]\n",
      "acc = 16.67 \n",
      "Score=1.4500527065898113e-90\n",
      "================predict===============\n",
      "[1 0 1 0 0 0]\n",
      "[[4.33571428e-09 8.76511276e-01 1.23488720e-01]\n",
      " [7.11362747e-01 8.82375831e-02 2.00399670e-01]\n",
      " [1.56390774e-01 4.38217719e-01 4.05391507e-01]\n",
      " [7.68115118e-01 6.96240369e-02 1.62260845e-01]\n",
      " [8.02728447e-01 5.72138241e-02 1.40057729e-01]\n",
      " [7.84832325e-01 6.25788731e-02 1.52588802e-01]]\n",
      "acc = 66.67 \n",
      "Score=1.5994955981461665e-90\n",
      "================predict===============\n",
      "[0 2 0 2 2 2]\n",
      "[[9.99409828e-01 5.89077143e-04 1.09502430e-06]\n",
      " [1.40175473e-02 4.26733052e-01 5.59249401e-01]\n",
      " [5.08555105e-01 3.09000829e-01 1.82444066e-01]\n",
      " [9.86493106e-03 3.97768187e-01 5.92366882e-01]\n",
      " [8.02479702e-03 3.84362945e-01 6.07612258e-01]\n",
      " [8.96894245e-03 3.93587119e-01 5.97443938e-01]]\n",
      "acc = 0.00 \n",
      "Score=9.91001141600941e-91\n",
      "================predict===============\n",
      "[0 2 0 2 2 2]\n",
      "[[0.99620636 0.00255811 0.00123553]\n",
      " [0.17776123 0.40124497 0.4209938 ]\n",
      " [0.43208281 0.29098468 0.27693251]\n",
      " [0.16264871 0.40643525 0.43091604]\n",
      " [0.15791679 0.40811325 0.43396995]\n",
      " [0.1603774  0.40736615 0.43225645]]\n",
      "acc = 0.00 \n",
      "Score=1.4862531535654867e-90\n",
      "================predict===============\n",
      "[0 2 0 2 2 2]\n",
      "[[9.99988103e-01 1.13905633e-05 5.06018703e-07]\n",
      " [8.83861945e-02 4.42096082e-01 4.69517724e-01]\n",
      " [5.54075201e-01 2.48147083e-01 1.97777716e-01]\n",
      " [6.24805036e-02 4.41293088e-01 4.96226408e-01]\n",
      " [5.13238330e-02 4.40604221e-01 5.08071946e-01]\n",
      " [5.71193072e-02 4.41969491e-01 5.00911202e-01]]\n",
      "acc = 0.00 \n",
      "Score=8.608210383029216e-91\n",
      "================predict===============\n",
      "[0 2 0 2 2 2]\n",
      "[[0.95197852 0.04646549 0.00155598]\n",
      " [0.25223227 0.34316863 0.4045991 ]\n",
      " [0.44147513 0.3238316  0.23469327]\n",
      " [0.24421957 0.34150564 0.41427479]\n",
      " [0.24143339 0.3410894  0.41747721]\n",
      " [0.24279667 0.34157385 0.41562947]]\n",
      "acc = 0.00 \n",
      "Score=1.2647201860213945e-90\n",
      "================predict===============\n",
      "[0 1 0 1 1 1]\n",
      "[[7.35430250e-01 5.25524718e-21 2.64569750e-01]\n",
      " [2.11237269e-01 5.25715664e-01 2.63047067e-01]\n",
      " [5.24041054e-01 7.19183116e-03 4.68767115e-01]\n",
      " [1.79761593e-01 5.94275448e-01 2.25962959e-01]\n",
      " [1.53776835e-01 6.48609740e-01 1.97613425e-01]\n",
      " [1.64847403e-01 6.23718066e-01 2.11434531e-01]]\n",
      "acc = 16.67 \n",
      "Score=1.5782602678878143e-90\n",
      "================predict===============\n",
      "[0 1 0 1 1 1]\n",
      "[[9.95468846e-01 3.79277379e-08 4.53111625e-03]\n",
      " [2.83169092e-02 6.48820763e-01 3.22862327e-01]\n",
      " [4.40628166e-01 1.92826000e-01 3.66545833e-01]\n",
      " [2.02586742e-02 7.04974531e-01 2.74766795e-01]\n",
      " [1.63509358e-02 7.31071066e-01 2.52577998e-01]\n",
      " [1.81580736e-02 7.14397240e-01 2.67444686e-01]]\n",
      "acc = 16.67 \n",
      "Score=1.0791556709451914e-90\n",
      "================predict===============\n",
      "[1 0 1 0 0 0]\n",
      "[[1.07655742e-04 9.96437715e-01 3.45462949e-03]\n",
      " [4.95718879e-01 1.31458450e-01 3.72822671e-01]\n",
      " [2.81781725e-01 3.94248949e-01 3.23969327e-01]\n",
      " [5.19327473e-01 1.13939356e-01 3.66733171e-01]\n",
      " [5.26919467e-01 1.08065032e-01 3.65015501e-01]\n",
      " [5.22210003e-01 1.11018645e-01 3.66771352e-01]]\n",
      "acc = 66.67 \n",
      "Score=1.3843220125043983e-90\n",
      "================predict===============\n",
      "[0 2 0 2 2 2]\n",
      "[[9.89495443e-01 1.05045566e-02 3.62209096e-18]\n",
      " [1.80117475e-01 3.46524566e-01 4.73357959e-01]\n",
      " [5.96651440e-01 3.80846235e-01 2.25023248e-02]\n",
      " [1.46340652e-01 3.02756041e-01 5.50903307e-01]\n",
      " [1.22348210e-01 2.75274402e-01 6.02377388e-01]\n",
      " [1.32229008e-01 2.91765249e-01 5.76005743e-01]]\n",
      "acc = 0.00 \n",
      "Score=8.200849609630245e-91\n",
      "================predict===============\n",
      "[0 2 0 2 2 2]\n",
      "[[0.96369255 0.01912084 0.01718661]\n",
      " [0.25676178 0.37041569 0.37282253]\n",
      " [0.40533631 0.29849911 0.29616459]\n",
      " [0.25272155 0.37232411 0.37495434]\n",
      " [0.2518594  0.37273373 0.37540687]\n",
      " [0.25230943 0.37252595 0.37516463]]\n",
      "acc = 0.00 \n",
      "Score=7.880626524897209e-91\n",
      "================predict===============\n",
      "[0 2 0 2 2 2]\n",
      "[[0.89186699 0.10034482 0.00778818]\n",
      " [0.31455287 0.33721165 0.34823548]\n",
      " [0.46131365 0.31880242 0.21988393]\n",
      " [0.31083647 0.33691011 0.35225342]\n",
      " [0.30964995 0.3368627  0.35348735]\n",
      " [0.31023641 0.33697185 0.35279174]]\n",
      "acc = 0.00 \n",
      "Score=6.86398666889647e-91\n",
      "================predict===============\n",
      "[0 2 0 2 2 2]\n",
      "[[0.3923546  0.36066757 0.24697782]\n",
      " [0.31121456 0.32197441 0.36681103]\n",
      " [0.35338745 0.34363422 0.30297833]\n",
      " [0.31118455 0.32195733 0.36685812]\n",
      " [0.31116861 0.32194827 0.36688312]\n",
      " [0.31117694 0.32195302 0.36687004]]\n",
      "acc = 0.00 \n",
      "Score=9.20214896241491e-91\n",
      "================predict===============\n",
      "[2 0 2 0 0 0]\n",
      "[[0.0019976  0.0068417  0.99116071]\n",
      " [0.39956699 0.375879   0.22455401]\n",
      " [0.2585433  0.28785534 0.45360137]\n",
      " [0.40832747 0.3789595  0.21271303]\n",
      " [0.41096759 0.37998109 0.20905132]\n",
      " [0.409458   0.37959793 0.21094407]]\n",
      "acc = 66.67 \n",
      "Score=1.5894488314867607e-90\n",
      "================predict===============\n",
      "[2 1 2 1 1 1]\n",
      "[[5.80530126e-05 6.32656501e-06 9.99935620e-01]\n",
      " [4.71503982e-01 5.19721940e-01 8.77407801e-03]\n",
      " [2.79964901e-01 2.39106046e-01 4.80929053e-01]\n",
      " [4.60680531e-01 5.33395797e-01 5.92367202e-03]\n",
      " [4.56164199e-01 5.39028004e-01 4.80779700e-03]\n",
      " [4.59496141e-01 5.35100724e-01 5.40313476e-03]]\n",
      "acc = 33.33 \n",
      "Score=1.613011570218766e-90\n",
      "================predict===============\n",
      "[2 1 2 1 1 1]\n",
      "[[7.38337717e-03 3.60744674e-08 9.92616587e-01]\n",
      " [3.12398735e-01 6.72279256e-01 1.53220086e-02]\n",
      " [3.73997319e-01 1.72772411e-01 4.53230270e-01]\n",
      " [2.64554463e-01 7.24338393e-01 1.11071435e-02]\n",
      " [2.41352954e-01 7.49715686e-01 8.93136061e-03]\n",
      " [2.56574416e-01 7.33492905e-01 9.93267943e-03]]\n",
      "acc = 33.33 \n",
      "Score=8.006816791865734e-91\n",
      "================predict===============\n",
      "[0 1 0 1 1 1]\n",
      "[[0.60764884 0.00592233 0.38642882]\n",
      " [0.26850729 0.4397742  0.29171851]\n",
      " [0.40247541 0.21888605 0.37863854]\n",
      " [0.26430915 0.4474951  0.28819575]\n",
      " [0.26217984 0.45135452 0.28646564]\n",
      " [0.26325025 0.44934873 0.28740102]]\n",
      "acc = 16.67 \n",
      "Score=1.5669861076417664e-90\n",
      "================predict===============\n",
      "[1 2 1 2 2 2]\n",
      "[[2.77443588e-04 9.99722385e-01 1.71521664e-07]\n",
      " [4.32873611e-01 5.03774731e-02 5.16748916e-01]\n",
      " [2.75318593e-01 5.89594815e-01 1.35086592e-01]\n",
      " [4.10777916e-01 3.68138903e-02 5.52408194e-01]\n",
      " [3.99226356e-01 3.00730757e-02 5.70700568e-01]\n",
      " [4.07277179e-01 3.34872536e-02 5.59235567e-01]]\n",
      "acc = 16.67 \n",
      "Score=8.696604042173322e-91\n",
      "================predict===============\n",
      "[0 2 0 2 2 2]\n",
      "[[0.96725855 0.03101972 0.00172173]\n",
      " [0.25213763 0.3498296  0.39803276]\n",
      " [0.44981934 0.31332387 0.2368568 ]\n",
      " [0.24352541 0.34913301 0.40734158]\n",
      " [0.24067417 0.34903812 0.41028771]\n",
      " [0.24209325 0.34933519 0.40857155]]\n",
      "acc = 0.00 \n",
      "Score=1.4081378919779e-90\n",
      "================predict===============\n",
      "[0 1 0 1 1 1]\n",
      "[[9.99998409e-01 2.64484627e-07 1.32694057e-06]\n",
      " [1.11195090e-01 4.51315090e-01 4.37489820e-01]\n",
      " [4.98829263e-01 2.40212011e-01 2.60958726e-01]\n",
      " [7.63833801e-02 4.76467136e-01 4.47149484e-01]\n",
      " [6.33414007e-02 4.86043529e-01 4.50615070e-01]\n",
      " [7.01699897e-02 4.80464196e-01 4.49365814e-01]]\n",
      "acc = 16.67 \n",
      "Score=6.838182517898661e-91\n",
      "================predict===============\n",
      "[1 0 1 0 0 0]\n",
      "[[0.26892208 0.38550946 0.34556846]\n",
      " [0.35720631 0.31483766 0.32795603]\n",
      " [0.31956362 0.34399999 0.33643639]\n",
      " [0.35722424 0.3148242  0.32795155]\n",
      " [0.35723182 0.3148185  0.32794967]\n",
      " [0.35722785 0.31482148 0.32795067]]\n",
      "acc = 66.67 \n",
      "Score=8.804216422485532e-91\n",
      "================predict===============\n",
      "[0 1 0 1 1 1]\n",
      "[[0.62097698 0.00066515 0.37835787]\n",
      " [0.23368746 0.5048893  0.26142323]\n",
      " [0.40389487 0.21030412 0.38580101]\n",
      " [0.2240708  0.52366276 0.25226644]\n",
      " [0.21853772 0.53429954 0.24716274]\n",
      " [0.22127822 0.52884874 0.24987304]]\n",
      "acc = 16.67 \n",
      "Score=1.325936948572327e-90\n",
      "================predict===============\n",
      "[0 2 0 2 2 2]\n",
      "[[9.99935048e-01 6.49515601e-05 3.23932059e-12]\n",
      " [1.67912918e-01 3.63969890e-01 4.68117191e-01]\n",
      " [4.66123872e-01 3.36165706e-01 1.97710422e-01]\n",
      " [1.22239742e-01 3.19966177e-01 5.57794081e-01]\n",
      " [1.02248346e-01 3.01803847e-01 5.95947806e-01]\n",
      " [1.10974229e-01 3.15598489e-01 5.73427282e-01]]\n",
      "acc = 0.00 \n",
      "Score=1.3321421021832987e-90\n",
      "================predict===============\n",
      "[1 2 1 0 0 0]\n",
      "[[9.72726499e-10 9.99999046e-01 9.53058390e-07]\n",
      " [3.98727279e-01 2.09346604e-01 3.91926117e-01]\n",
      " [1.67850422e-01 5.88192234e-01 2.43957344e-01]\n",
      " [4.51168103e-01 1.52363287e-01 3.96468610e-01]\n",
      " [4.74493136e-01 1.27726735e-01 3.97780129e-01]\n",
      " [4.61133268e-01 1.39995653e-01 3.98871079e-01]]\n",
      "acc = 50.00 \n",
      "Score=1.5312964198101319e-90\n",
      "================predict===============\n",
      "[1 0 1 0 0 0]\n",
      "[[8.68474239e-08 9.99485834e-01 5.14078689e-04]\n",
      " [5.69655567e-01 4.22914051e-02 3.88053028e-01]\n",
      " [2.08113329e-01 4.55105285e-01 3.36781386e-01]\n",
      " [6.20500951e-01 2.92522232e-02 3.50246825e-01]\n",
      " [6.42030081e-01 2.38162673e-02 3.34153652e-01]\n",
      " [6.27817075e-01 2.65062975e-02 3.45676628e-01]]\n",
      "acc = 66.67 \n"
     ]
    },
    {
     "name": "stdout",
     "output_type": "stream",
     "text": [
      "Score=1.4598457776060727e-90\n",
      "================predict===============\n",
      "[2 0 2 0 0 0]\n",
      "[[2.79620394e-12 7.66163125e-03 9.92338369e-01]\n",
      " [5.24320244e-01 3.53986288e-01 1.21693468e-01]\n",
      " [5.11673321e-02 3.65424674e-01 5.83407993e-01]\n",
      " [5.91532623e-01 3.12490089e-01 9.59772878e-02]\n",
      " [6.32692478e-01 2.87699855e-01 7.96076676e-02]\n",
      " [6.10154127e-01 3.03008685e-01 8.68371882e-02]]\n",
      "acc = 66.67 \n",
      "Score=1.6324920340911493e-90\n",
      "================predict===============\n",
      "[0 2 0 2 2 2]\n",
      "[[9.99675120e-01 3.23960782e-04 9.18768914e-07]\n",
      " [9.67135525e-03 4.50301787e-01 5.40026858e-01]\n",
      " [5.82401158e-01 2.70730794e-01 1.46868048e-01]\n",
      " [6.98868293e-03 4.27581390e-01 5.65429927e-01]\n",
      " [5.66856680e-03 4.15913550e-01 5.78417883e-01]\n",
      " [6.34825736e-03 4.23803720e-01 5.69848023e-01]]\n",
      "acc = 0.00 \n",
      "Score=9.17552287693659e-91\n",
      "================predict===============\n",
      "[1 0 1 0 0 0]\n",
      "[[3.06312330e-04 9.64900404e-01 3.47932832e-02]\n",
      " [4.52832066e-01 2.12462540e-01 3.34705394e-01]\n",
      " [2.44200674e-01 4.20759072e-01 3.35040254e-01]\n",
      " [4.69857132e-01 2.00786642e-01 3.29356226e-01]\n",
      " [4.76038278e-01 1.96291715e-01 3.27670007e-01]\n",
      " [4.72465521e-01 1.98436121e-01 3.29098358e-01]]\n",
      "acc = 66.67 \n",
      "Score=7.666300625412721e-91\n",
      "================predict===============\n",
      "[1 2 1 2 2 2]\n",
      "[[0.28831764 0.68797136 0.023711  ]\n",
      " [0.31016563 0.26284843 0.42698593]\n",
      " [0.34769271 0.37671522 0.27559207]\n",
      " [0.30894594 0.26064754 0.43040651]\n",
      " [0.30854009 0.25985897 0.43160093]\n",
      " [0.30878824 0.26024788 0.43096388]]\n",
      "acc = 16.67 \n",
      "Score=1.312947946588534e-90\n",
      "================predict===============\n",
      "[0 1 1 1 1 1]\n",
      "[[9.99936370e-01 5.59944876e-11 6.36297261e-05]\n",
      " [1.17511227e-01 5.47109101e-01 3.35379671e-01]\n",
      " [3.81133999e-01 2.83787137e-01 3.35078864e-01]\n",
      " [8.38975871e-02 6.27305913e-01 2.88796500e-01]\n",
      " [7.08314800e-02 6.56445014e-01 2.72723506e-01]\n",
      " [7.65175728e-02 6.37691283e-01 2.85791144e-01]]\n",
      "acc = 16.67 \n",
      "Score=7.482759684728493e-91\n",
      "================predict===============\n",
      "[1 2 1 2 2 2]\n",
      "[[0.34543937 0.62233545 0.03222518]\n",
      " [0.31475171 0.2882427  0.39700559]\n",
      " [0.35656017 0.38867413 0.2547657 ]\n",
      " [0.31384267 0.286713   0.39944433]\n",
      " [0.313512   0.28612966 0.40035834]\n",
      " [0.313701   0.28642237 0.39987663]]\n",
      "acc = 16.67 \n",
      "Score=1.2588298626610265e-90\n",
      "================predict===============\n",
      "[1 2 1 2 2 2]\n",
      "[[2.28937955e-01 7.71062045e-01 1.68096747e-11]\n",
      " [2.35174790e-01 1.95178058e-01 5.69647152e-01]\n",
      " [3.93162331e-01 4.14592844e-01 1.92244825e-01]\n",
      " [1.87164102e-01 1.55867428e-01 6.56968469e-01]\n",
      " [1.61277587e-01 1.31944192e-01 7.06778221e-01]\n",
      " [1.74751824e-01 1.41965273e-01 6.83282903e-01]]\n",
      "acc = 16.67 \n",
      "Score=1.376501441380369e-90\n",
      "================predict===============\n",
      "[1 2 1 2 2 2]\n",
      "[[1.38312150e-03 9.98616878e-01 1.87077717e-11]\n",
      " [3.57840874e-01 1.61830763e-01 4.80328363e-01]\n",
      " [3.51363074e-01 5.21019651e-01 1.27617275e-01]\n",
      " [3.14204667e-01 1.23542840e-01 5.62252493e-01]\n",
      " [2.92310394e-01 1.03143259e-01 6.04546347e-01]\n",
      " [3.06976662e-01 1.11995932e-01 5.81027406e-01]]\n",
      "acc = 16.67 \n",
      "Score=6.918217470179111e-91\n",
      "================predict===============\n",
      "[0 1 0 1 1 1]\n",
      "[[0.40854118 0.21264853 0.37881029]\n",
      " [0.30447298 0.38172576 0.31380126]\n",
      " [0.34942704 0.30634164 0.34423132]\n",
      " [0.30439825 0.38185478 0.31374697]\n",
      " [0.30436496 0.38191217 0.31372287]\n",
      " [0.30438233 0.38188214 0.31373553]]\n",
      "acc = 16.67 \n",
      "Score=1.4632058648252315e-90\n",
      "================predict===============\n",
      "[0 1 0 1 1 1]\n",
      "[[9.81109752e-01 1.21579195e-16 1.88902485e-02]\n",
      " [1.17002589e-01 5.59369981e-01 3.23627430e-01]\n",
      " [5.80301729e-01 2.09978858e-02 3.98700386e-01]\n",
      " [9.46066304e-02 6.25394433e-01 2.79998937e-01]\n",
      " [7.82886498e-02 6.69400321e-01 2.52311029e-01]\n",
      " [8.51882868e-02 6.45909283e-01 2.68902430e-01]]\n",
      "acc = 16.67 \n",
      "Score=8.133679202447024e-91\n",
      "================predict===============\n",
      "[2 0 2 0 0 0]\n",
      "[[0.00287311 0.28654275 0.71058414]\n",
      " [0.40885874 0.3129217  0.27821956]\n",
      " [0.18464635 0.37602168 0.43933197]\n",
      " [0.41794304 0.30922371 0.27283325]\n",
      " [0.42264369 0.30737884 0.26997747]\n",
      " [0.42018494 0.30842536 0.2713897 ]]\n",
      "acc = 66.67 \n",
      "Score=9.056331932389149e-91\n",
      "================predict===============\n",
      "[0 2 0 2 2 2]\n",
      "[[0.9869417  0.00779382 0.00526448]\n",
      " [0.2114747  0.38873116 0.39979414]\n",
      " [0.41974303 0.29426248 0.2859945 ]\n",
      " [0.20217992 0.39252014 0.40529995]\n",
      " [0.19964182 0.39357434 0.40678384]\n",
      " [0.20096349 0.3930687  0.40596781]]\n",
      "acc = 0.00 \n",
      "Score=1.2776030493780116e-90\n",
      "================predict===============\n",
      "[0 2 0 2 2 2]\n",
      "[[9.99985753e-01 1.42468106e-05 3.01826060e-10]\n",
      " [1.37215920e-01 3.73458333e-01 4.89325747e-01]\n",
      " [4.19032761e-01 3.26822226e-01 2.54145013e-01]\n",
      " [9.78469507e-02 3.43872562e-01 5.58280487e-01]\n",
      " [8.36341295e-02 3.33610138e-01 5.82755732e-01]\n",
      " [9.03721855e-02 3.42612230e-01 5.67015584e-01]]\n",
      "acc = 0.00 \n",
      "Score=8.917579804979548e-91\n",
      "================predict===============\n",
      "[0 1 0 1 1 1]\n",
      "[[0.9865996  0.00404049 0.00935991]\n",
      " [0.21612503 0.40352666 0.38034831]\n",
      " [0.41183461 0.28604796 0.30211743]\n",
      " [0.20767852 0.40940548 0.382916  ]\n",
      " [0.20546206 0.41090806 0.38362988]\n",
      " [0.20661105 0.41003971 0.38334925]]\n",
      "acc = 16.67 \n",
      "Score=6.863719489659579e-91\n",
      "================predict===============\n",
      "[2 1 2 1 1 1]\n",
      "[[0.34510938 0.24405931 0.41083131]\n",
      " [0.32857258 0.35941471 0.31201271]\n",
      " [0.33767044 0.30958291 0.35274665]\n",
      " [0.32856314 0.35945783 0.31197902]\n",
      " [0.32855916 0.35947619 0.31196466]\n",
      " [0.32856128 0.35946657 0.31197215]]\n",
      "acc = 33.33 \n",
      "Score=1.4711518789937425e-90\n",
      "================predict===============\n",
      "[0 2 0 2 2 2]\n",
      "[[9.99911054e-01 8.87763400e-05 1.70104023e-07]\n",
      " [8.51462275e-02 4.21750039e-01 4.93103734e-01]\n",
      " [5.23722986e-01 2.88985568e-01 1.87291447e-01]\n",
      " [6.05597387e-02 4.04926490e-01 5.34513772e-01]\n",
      " [5.00541132e-02 3.97169285e-01 5.52776602e-01]\n",
      " [5.54113404e-02 4.03233272e-01 5.41355387e-01]]\n",
      "acc = 0.00 \n",
      "Score=1.2958211644731361e-90\n",
      "================predict===============\n",
      "[1 2 1 0 0 0]\n",
      "[[2.99499572e-15 9.99983404e-01 1.65957949e-05]\n",
      " [4.28254259e-01 2.05856408e-01 3.65889333e-01]\n",
      " [1.89723801e-01 4.76430422e-01 3.33845777e-01]\n",
      " [5.33451706e-01 1.52022935e-01 3.14525359e-01]\n",
      " [5.79032134e-01 1.27386994e-01 2.93580872e-01]\n",
      " [5.53112887e-01 1.37356873e-01 3.09530240e-01]]\n",
      "acc = 50.00 \n",
      "Score=1.136888856932163e-90\n",
      "================predict===============\n",
      "[2 0 2 0 0 0]\n",
      "[[1.86587761e-04 8.37429442e-04 9.98975983e-01]\n",
      " [4.59179984e-01 4.15940224e-01 1.24879792e-01]\n",
      " [2.73292244e-01 2.98189846e-01 4.28517910e-01]\n",
      " [4.76493811e-01 4.18922256e-01 1.04583933e-01]\n",
      " [4.82283062e-01 4.20036103e-01 9.76808348e-02]\n",
      " [4.78864956e-01 4.19861004e-01 1.01274040e-01]]\n",
      "acc = 66.67 \n",
      "Score=8.483215200786955e-91\n",
      "================predict===============\n",
      "[0 1 0 1 1 1]\n",
      "[[8.21347850e-01 6.27808147e-04 1.78024342e-01]\n",
      " [2.65110130e-01 4.17301107e-01 3.17588763e-01]\n",
      " [4.47743832e-01 1.86628537e-01 3.65627631e-01]\n",
      " [2.56738973e-01 4.31096127e-01 3.12164901e-01]\n",
      " [2.52457956e-01 4.37876459e-01 3.09665585e-01]\n",
      " [2.54515184e-01 4.34282035e-01 3.11202780e-01]]\n",
      "acc = 16.67 \n",
      "Score=9.221451036359941e-91\n",
      "================predict===============\n",
      "[0 2 0 2 2 2]\n",
      "[[9.77753799e-01 2.15925207e-02 6.53680338e-04]\n",
      " [2.17448364e-01 3.52078184e-01 4.30473452e-01]\n",
      " [4.39690328e-01 3.19527883e-01 2.40781789e-01]\n",
      " [2.05571192e-01 3.49646498e-01 4.44782311e-01]\n",
      " [2.01356045e-01 3.49014868e-01 4.49629087e-01]\n",
      " [2.03441519e-01 3.49763787e-01 4.46794694e-01]]\n",
      "acc = 0.00 \n",
      "Score=9.246943087536895e-91\n",
      "================predict===============\n",
      "[2 0 2 0 0 0]\n",
      "[[1.53530257e-04 3.61548492e-02 9.63691621e-01]\n",
      " [4.45931119e-01 3.33448349e-01 2.20620532e-01]\n",
